ITER= 854
AOA= 1.25470762780666
SIDESLIP_ANGLE= 0
DCD_DCL_VALUE= 0.00911092011819171
DCMZ_DCL_VALUE= -0.0161436807388448
INITIAL_BCTHRUST= 4000
