ITER= 731
AOA= -1.24968073226672
SIDESLIP_ANGLE= 0
DCD_DCL_VALUE= 0.0108320958899204
DCMZ_DCL_VALUE= 0.0505988987824367
INITIAL_BCTHRUST= 4000
